# Created by Octave 5.2.0, Fri Nov 15 11:22:15 2024 CST <zhangxin02@zhangxin02-P3>
# name: pts0
# type: matrix
# rows: 113
# columns: 3
 137.38242326243645 143.19083668293914 21
 79.936898087433704 285.73907271141962 64
 8.0239337727185607 199.79167726026472 21
 19.435659196963933 208.09944680886016 21
 85.162259636502768 303.171745574802 155
 90 300 139
 92.685281527889813 299.68762059403923 102
 12 343 101
 121.91805378598865 392.2558994735686 84
 61.675293071247616 390.24008367255317 79
 78.338538115360009 391.53987933152121 79
 90.684199168680777 390.54458776795184 73
 115.53773047412987 393.16966593572295 73
 8.2642974091421557 387.29116319830996 66
 22.764415681353569 389.14902188277364 66
 241.5929645807916 26.518000022450149 73
 245.92826883231351 51.415180351021135 36
 255 85 36
 261.46705044813291 167.51263535797483 122
 262.43910224464975 184.80473187744829 110
 263 171 99
 258 238 172
 262.63755026349907 239.70037148212575 169
 265 245 151
 253.35972942642326 240.64728446627475 146
 271 246 143
 272 250 127
 265 252 127
 299.21474501227578 307.93274880758071 113
 277.410823725341 302.3152903451533 84
 267 308 84
 293.52849623074451 291.71751039883145 73
 220.30930712938982 388.69677653534791 84
 191.90635531559374 389.8425515062159 83
 177.34499195708653 391.62129321421889 73
 283.97074892964673 460.44989713851902 68
 289.68738605931611 470.59952442121272 68
 241.76516962939922 386.93308401033971 66
 201.93705039285632 390.41773101700335 66
 376.82186976685591 81.044311682419121 127
 375.9506583061858 48.593382697146858 117
 369 19 113
 383.57912063670562 157.30648670381893 137
 378.41229197855813 113.77153888746953 129
 386.99229889608245 169.83807473529896 129
 384.39344302907267 180.51793616589117 129
 400.10327269719141 151.49730938682919 127
 380.75632770156267 138.38467204637217 125
 378.49971768061232 276.57644158727169 225
 382 273 224
 366 282 224
 371.35816588834587 280.83163437649614 224
 400.07011263705692 265.00998243232618 223
 399.57454446628793 264.97819416567091 223
 366.30017845882691 297.94454751844847 223
 374.4333478425674 291.46304916012036 222
 392.30334177383344 292.60417039744897 221
 378.28151597723729 301.48286448106529 221
 385.05347660897667 296.95748731654584 221
 398.50465750402594 288.72854368276546 220
 425.51057964396915 411.17510796042791 205
 433 398 192
 421 400 191
 419.36252541818237 395.29329783209062 190
 437.81155493070253 403.58813784111919 190
 460.22211750717827 8.9647370448414776 171
 459.56174867921419 8.8349181078509353 171
 457 21 129
 458 40 117
 459 135 87
 462 136 87
 465.92422942552622 152.08361435868235 87
 457.83007134252563 165.43319210753077 87
 458 142 83
 478.92612501007329 265.90031059201084 162
 598.7594987960947 200.69928452231244 93
 597.63336324038835 211.89417428873884 93
 596.1579015503371 236.77187197708733 87
 587.17652330370402 369.32257182460091 202
 574.84608246819062 374.70828017501219 202
 560.69149657782305 377.71658995607589 202
 588.09480734049339 378.06275299757931 199
 572.84289510357667 351.47648281822688 197
 547 393 208
 547 388 198
 498.18380844887338 394.62274491707655 198
 469.43259337179467 392.43905549194949 197
 656.08620750044258 93.675042062347487 183
 606 27 163
 612.5213732007702 27.058244707703828 147
 651.69326586477496 184.07874913896262 203
 708.43219602775036 97.979410970236117 163
 724.11660650603801 111.89463597650695 127
 723.27195766878424 125.69825220314964 119
 731.53771626226239 264.9393984892439 211
 691.74898784798199 243.59619659323118 210
 692 232 203
 689 239 203
 742.46006653630047 267.11558739107016 201
 686.51653952622144 250.15411791610214 198
 723.84602318471275 265.56300964490487 196
 629.6438919851621 357.16315425414484 212
 646.54632743148966 374.95707829429574 208
 639 354 207
 663 350 206
 617 361 205
 668 345 204
 665.60316000145178 461.27899022903097 181
 623.27342738749667 461.35245306508449 159
 630.24539872478681 463.76294634122326 159
 675 426 158
 612.15425796659792 410.97490702136128 156
 687.17243288895065 438.02173740306199 155


# name: ids0
# type: matrix
# rows: 113
# columns: 1
 1
 2
 3
 4
 5
 6
 7
 8
 9
 10
 11
 12
 13
 14
 15
 16
 17
 18
 19
 20
 21
 22
 23
 24
 25
 26
 27
 28
 29
 30
 31
 32
 33
 34
 35
 36
 37
 38
 39
 40
 41
 42
 43
 44
 45
 46
 47
 48
 49
 50
 51
 52
 53
 54
 55
 56
 57
 58
 59
 60
 61
 62
 63
 64
 65
 66
 67
 68
 69
 70
 71
 72
 73
 74
 75
 76
 77
 78
 79
 80
 81
 82
 83
 84
 85
 86
 87
 88
 89
 90
 91
 92
 93
 94
 95
 96
 97
 98
 99
 100
 101
 102
 103
 104
 105
 106
 107
 108
 109
 110
 111
 112
 113


