# Created by Octave 5.2.0, Fri Nov 15 08:41:29 2024 CST <zhangxin02@zhangxin02-P3>
# name: pts0
# type: matrix
# rows: 92
# columns: 3
 8.421722536132707 26.45653182379424 214
 17 9 200
 136.28808436616148 176.43886573778371 110
 98.531541900025132 185.51231247098599 94
 34 179 74
 37 180 74
 31.793491867685464 143.16301429674434 68
 143.20532586136912 214.84107895529218 128
 133.26368492597297 213.73099361290664 116
 117.89991589196063 221.7196730956484 110
 138.53465357189677 220.1806704935006 105
 126 311 123
 127 309 105
 130 307 93
 71.21676024300335 357.95664811230665 64
 114.91203187580763 319.33231690026406 61
 129.63788790033405 471.57268490955494 33
 221.9470911398183 112.47253902780888 139
 267.64476159971247 102.03535206851049 129
 288 100 120
 222.33829399775874 120.90190663025328 88
 160.59347304481341 188.08013826373173 73
 174.43112709890326 168.60091303774664 70
 209.39567929439707 154.2481364381897 67
 164.41470985511165 240.23492225633638 116
 158.74316365142076 210.34214703532825 110
 170.34744903919349 209.24469009876674 109
 196.70142156048814 275.00160628545945 106
 165 209 105
 267.25714016845319 296.5650972169999 71
 268.34128501731152 306.10633371546584 37
 225.47863627273679 457.53556952690479 114
 212.56023124724243 457.94173122288856 110
 345 16 94
 319.73072094418291 93.14816056414584 92
 400 12 88
 382 14 88
 443.60625318933069 14.849665027312884 82
 352.40369824295425 19.465330258257691 82
 418.9529342514881 14.236093590413295 81
 318.43080790548743 117.29806019562741 101
 317.93861270643788 127.88145333737648 89
 398.07071195291752 176.46848128591969 86
 398.80272357422245 182.6634004567043 85
 386.14290189783304 278.08919865556271 233
 393.58817898889055 272.14256797522364 227
 390 269 209
 436 299 211
 402.05513178879471 301.85949700854718 193
 424 298 189
 415.31999220641592 299.29196281641481 165
 429.77375554193935 450.00417413323174 69
 465 9 84
 452.91057359358967 15.539682970442861 68
 468.32102721166183 45.204694867866266 53
 579.60278837803878 154.880880043893 222
 574 134 152
 589 154 139
 494.00314430885066 179.9511521219637 116
 494.1006894904682 180.08854616073219 116
 464.93614381412863 135.09569701181476 115
 578.37819587874947 121.82850197517025 112
 535 149 112
 457.40337656609955 233.07367389845064 197
 460.55532276401527 237.86136326770765 167
 452.12954150143389 242.63848059445235 156
 503.56072804530754 225.40964720000716 126
 524.76340113467154 229.2523671164769 114
 497.41574647439506 336.08992740313312 227
 526.20650338786515 322.90667961181458 205
 503.24048279635582 317.42298264493002 163
 483.9145173933199 342.14374398410541 157
 472.1256165714114 300.19262282227822 146
 526.44685108743374 394.41412408941113 162
 521 389 154
 476.50818710233659 451.96981018415795 147
 561.94221869985677 416.48554168144796 146
 544 402 143
 550 402 141
 719.5773298378042 180.9712212026906 213
 610.61262026755412 159.68109444636693 142
 611.0636417734537 141.83352972648012 133
 724.14184726448252 168.72419700917473 129
 611.63492264422609 117.88023116658832 112
 613 332 93
 605 328 81
 681.44988276932395 416.67650685588063 139
 646.18157803969939 449.86987936009086 139
 646.32976778793534 450.22698013221913 126
 605 469 106
 712 388 104
 691 411 81


# name: ids0
# type: matrix
# rows: 92
# columns: 1
 1
 2
 3
 4
 5
 6
 7
 8
 9
 10
 11
 12
 13
 14
 15
 16
 17
 18
 19
 20
 21
 22
 23
 24
 25
 26
 27
 28
 29
 30
 31
 32
 33
 34
 35
 36
 37
 38
 39
 40
 41
 42
 43
 44
 45
 46
 47
 48
 49
 50
 51
 52
 53
 54
 55
 56
 57
 58
 59
 60
 61
 62
 63
 64
 65
 66
 67
 68
 69
 70
 71
 72
 73
 74
 75
 76
 77
 78
 79
 80
 81
 82
 83
 84
 85
 86
 87
 88
 89
 90
 91
 92


