# Created by Octave 5.2.0, Wed Nov 13 08:56:15 2024 CST <zhangxin02@zhangxin02-P3>
# name: pts0
# type: matrix
# rows: 134
# columns: 3
 70.755449950708268 148.48617685985266 134
 79 148 133
 80 148 133
 80 149 133
 79 152 126
 80 152 126
 138.48382049632468 169.22848340537593 123
 140.95178662405723 169.10332450555526 123
 101.36392379808808 145.71237816663378 122
 146.39174461698806 271.15395719865893 165
 88.92301705095359 269.4253250788816 163
 88.912487138561076 269.43351790555761 163
 40.835160415875933 267.12605863481156 153
 62.297558376862298 203.48989826261393 100
 67 205 100
 84 206 94
 73.343172524778907 205.84765629898249 93
 96.548323226590369 192.86968922756455 91
 127.92933441537281 381.21628611547249 171
 133.44710974259922 363.05409474762939 147
 127.54939150552502 381.20729201904203 141
 35.613874933086649 357.91947937355036 137
 128 363 137
 133.57914575313606 363.47124895095948 137
 133.37206662109745 363.14219691876008 137
 15.054484990551202 392.96299700302785 210
 15.017726431498659 393.42639745410054 210
 14.947205904814497 393.45251164318711 207
 14.926257514886855 393.40511207989061 183
 123.42716232568284 398.92601829453224 168
 123.44466196681857 399.04858742783546 168
 124.22793389255631 399.37161976246745 168
 123.56380318397076 399.24594079591668 168
 124.28098870693204 399.26464658894457 163
 198.6215515977477 105.0959853170805 139
 194.29030288107535 106.20585083731906 97
 294.38392013945673 154.34043816179602 37
 160.80284727585516 232.60127372045631 173
 175.31151021371477 234.31261651524943 156
 175.14219071162299 226.63869415066671 152
 175.6886072548491 234.55361316209604 125
 170.04862024263474 272.1993579046387 123
 217.50806226167759 273.9679202630407 119
 183.23125638040716 235.19676176841307 117
 162.40470758223231 225.22799675310551 115
 183.53874948640791 217.61927772548285 111
 239.09183595011464 364.81313064824764 134
 239.49743645033061 364.60006093385294 123
 239.04317426640955 365.0635266388349 119
 239.21681251544624 365.1185032896019 119
 239.35063289908126 365.26698226834236 119
 239.50354535705824 365.25235899878521 95
 272.91657358577675 368.78283036660622 60
 272.24544905189026 368.33162347337958 60
 272.69402105953657 378.42740508726365 52
 244.18508051813819 400.43781264999279 183
 243.37526000692841 400.1899609693819 178
 161.23895416456048 412.64839024829246 76
 166.58873906620894 411.85249441452225 76
 166.02685979025321 411.71475258915842 76
 166.24190763790705 412.20995609721246 76
 172 446 71
 158.51344619793227 411.88445760741229 68
 161.89291187601697 401.76099337400672 66
 388.32451086263666 274.40531982961375 46
 385.57906011808052 323.67550310869183 149
 386.30706201478091 304.8976903420625 148
 386.11990455243136 305.74926615576595 148
 387.64201560689611 288.81533181852683 112
 389 332 78
 384.16049053703904 359.49424159453105 70
 385.54043496366688 323.59390208380455 63
 386.10477616151695 347.22394425405611 60
 381.00122637420901 379.35238991498898 54
 367.67093248511208 431.89123372175607 151
 373.25905090222432 421.89141091577221 144
 367.69810769663059 432.36151623818915 126
 373.8832453251369 421.18439907811796 118
 447.73552054052078 404.70676007417791 116
 446 428 115
 367.44949497218016 432.21026353047216 115
 447.0632874811019 411.42078915432711 110
 441.43253205451856 435.57388609016294 109
 581.39513863775744 63.50877579173811 42
 586.85197806033034 185.62890474639207 100
 586.52001518261307 185.70352856439141 65
 595 225 137
 592.7942165041419 224.67608397895324 75
 564.92715244711565 253.59169204199404 63
 557.7773725052557 265.23391952736137 57
 565.22543169916344 253.30364222256952 55
 597.33007091585534 245.64194037863513 54
 600.95915030890251 216.10876776683068 53
 573.25425862044244 254.88753842181526 48
 573.53893694887256 255.73820345229799 48
 471 330 108
 475.59804118045435 332.73883744236048 108
 455 299 100
 459.48951011845156 296.40321692742839 100
 468 335 98
 459.81316315734404 296.3573032615933 88
 459.83321462315649 296.3766724813907 87
 466.2662498178484 313.04605315732272 85
 457.08181446027538 366.59236819094048 57
 482.33785581891993 389.83113577849372 144
 482.707350153834 389.32035603408093 126
 482.20212029050322 389.65246675247278 114
 495.23610620297279 396.26172523586735 94
 485 397 90
 488 398 90
 480 395 84
 484.17333220066485 398.62586669422137 77
 503.7080866328418 395.04137424084718 75
 662 114 60
 662.25432630548005 108.93798706049996 55
 663.48915452025267 142.8075534131562 40
 688.44547780784296 210.36613315068976 59
 637.2147126853115 222.24672449328756 59
 648.0691447285642 200.31542257463295 57
 682 212 57
 643.00387297112002 199.16886357973848 56
 607 199 56
 644.14530208912072 225.7570785187738 56
 670 274 49
 641.04947802516165 232.24340059388859 43
 727 375 61
 722 377 56
 746.54560281139641 399.23379311155588 88
 746.2467759232859 398.52375594915696 88
 740.74875049883076 394.91617148836298 86
 744 392 77
 734 388 71
 620.73762224553684 437.07169279274763 61
 622.82136927322358 447.20830383562395 44


# name: ids0
# type: matrix
# rows: 134
# columns: 1
 1
 2
 3
 4
 5
 6
 7
 8
 9
 10
 11
 12
 13
 14
 15
 16
 17
 18
 19
 20
 21
 22
 23
 24
 25
 26
 27
 28
 29
 30
 31
 32
 33
 34
 35
 36
 37
 38
 39
 40
 41
 42
 43
 44
 45
 46
 47
 48
 49
 50
 51
 52
 53
 54
 55
 56
 57
 58
 59
 60
 61
 62
 63
 64
 65
 66
 67
 68
 69
 70
 71
 72
 73
 74
 75
 76
 77
 78
 79
 80
 81
 82
 83
 84
 85
 86
 87
 88
 89
 90
 91
 92
 93
 94
 95
 96
 97
 98
 99
 100
 101
 102
 103
 104
 105
 106
 107
 108
 109
 110
 111
 112
 113
 114
 115
 116
 117
 118
 119
 120
 121
 122
 123
 124
 125
 126
 127
 128
 129
 130
 131
 132
 133
 134


