# Created by Octave 5.2.0, Wed Nov 13 15:34:47 2024 CST <zhangxin02@zhangxin02-P3>
# name: pts0
# type: matrix
# rows: 141
# columns: 3
 126 77 134
 126.61095381862259 29.816521009484145 132
 126.75441486813182 30.015792056078475 126
 125.48457659674635 89.564730362935293 123
 141.19967420517668 31.462600061033463 101
 132 79 97
 118.57366677746211 186.9293561532408 155
 122.31777315445746 173.68476283961908 138
 124 154 127
 49 185 114
 130.79824821270063 98.664469250725844 97
 123.41391797125317 99.946760775083959 91
 123.35645893996724 100.34890043227475 91
 117.82653792701605 196.55675925736026 161
 106.4661585263672 197.75918798708184 118
 28.381594610356892 196.41629808943796 114
 71 199 109
 131 320 190
 137.49475480463383 319.33839145525695 189
 141.47877956221652 334.92261007699875 189
 137.39017917547974 358.03108000348567 185
 149.21813327745272 370.99268774325645 175
 131.94579075727384 344.41011395705067 170
 21.493763480029322 466.698746111243 189
 7 466 183
 29.651443174349293 471.35478965769244 183
 258.50743702268494 23.342851127842565 167
 245 22 150
 250.64540084921043 39.5259163185722 149
 259.71598116152978 51.989623044298973 143
 259.75677089654465 78.809975459987101 143
 261.52956950181056 34.673950716758867 132
 280.14798526674531 168.53496316255499 149
 259.43079325277574 102.34333838128019 139
 276 159 133
 258.15837534137012 166.22942889185549 133
 290 155 132
 265 182 132
 210.47401421894241 280.67410448396635 253
 253.67465809861483 255.55375555222923 252
 237.62257144303837 265.00184543424388 252
 246.61053685351956 264.57456902052706 252
 251.06968596418926 264.82422756634685 252
 207.90206856844912 299.57396258381465 253
 216.70614406669813 298.99716303749761 253
 224.81634501852812 300.3683464960734 253
 233.0949984774191 300.71593596938396 253
 250.72091508143416 301.6074018629933 253
 212 302 253
 250 462 222
 240 471 219
 260 469 217
 249 460 216
 259 472 214
 444.55937832022698 29.52717908599789 139
 394 79 132
 446.3800107324858 41.906763405313072 126
 369 64 120
 446 13 116
 446.49714033696551 53.721161245301815 116
 447.11508779286845 60.272584872066787 116
 383 74 116
 318.80691965254601 171.06074305854355 144
 325.45043980368172 150.1387503753057 143
 337 172 143
 311.09745028503102 136.04988766446851 138
 329 172 138
 350.51888112639898 227.53857422400813 155
 329.83467669145375 248.59003833465752 144
 321.11350573061998 222.65280499042439 138
 310.96945182820565 211.74643161685046 129
 315.14149283990605 222.66090643114367 119
 389.08253414345995 324.09734383584606 203
 400.20033900137236 324.71662880501395 203
 443.92390670321004 333.4752858743513 106
 443 359 106
 440.79138067845116 365.5883184256237 106
 312.01420691145802 422.49067906177248 184
 323.3394753122974 423.21966937930671 173
 383.80958697486324 411.3004966145802 161
 376.66975105060453 425.57761065252652 161
 413.6290661171069 447.87836743641947 153
 348 424 152
 347.68464285603739 475.14769641516159 151
 370.2686642905087 411.88005764553441 146
 555.71209516088277 7.9832386212718935 173
 461.89114721750678 23.470308998719982 106
 522 5 99
 461.01803152676916 34.518557925525393 97
 462 45 97
 458.41122663957299 127.45455755269165 114
 459.49411855894385 109.89112371094926 106
 458.31445922654319 144.65488536523341 106
 457 186 106
 457.36920060571333 154.33062315130283 103
 458.81352462147368 112.68999259778784 97
 458.99645661916566 130.78274471843793 97
 455.14633922649773 193.53875310342841 97
 454.29615019611191 204.33916185272656 97
 454.49342190334823 211.50578200690722 72
 534.36479312268978 200.03679084295504 63
 579.42115558451951 298.58608784036772 63
 554.18221378261978 300.9040962982973 63
 588.58938023193127 328.43296097341317 63
 543.38515923400746 328.26998739626447 63
 582.98073152935444 342.48893890847222 63
 547.68127477922565 360.1822785163335 63
 573.31908189650846 359.44503783611896 63
 550.82659452157361 380.46117357692071 63
 516.7756035640773 429.52258104105067 219
 507.31254334760285 412.8565199573323 163
 485.21786966268053 410.81802085121797 161
 479.22370181271003 411.14630351069036 157
 465.11797442315589 409.76923270355337 155
 744.82119803252681 94.918572796644582 225
 691.25058812494024 56.43639293888171 172
 657.41791924233223 22.889211649967493 161
 691.8392259765875 30.270623142696799 161
 689 51 160
 647.06862792331879 20.904894427271547 145
 732.95360955965964 179.56656851994356 193
 718.40129959714488 170.40663968874307 189
 728 188 184
 741.07758306382902 134.60644922767145 171
 717 162 165
 693.76000945624685 250.63535833796186 201
 722.35049712769296 216.92038297058426 175
 668.25678478603004 243.27386790413001 171
 687.34713412041128 237.50136226026825 149
 707.78514894489001 196.302418638576 144
 692.47202638707813 341.25554505800335 188
 698.34259275943373 316.20189834343483 159
 645.14146394234638 312.03616884934144 81
 636.94415527658123 341.43687811291466 81
 650.87171805026412 294.02504517965917 72
 689 469 207
 693.6892875326306 471.92323976209576 205
 672.71337091711166 474.54778678379898 202
 730.31244610017393 464.21407672015164 198
 698 467 191
 747 470 189


# name: ids0
# type: matrix
# rows: 141
# columns: 1
 1
 2
 3
 4
 5
 6
 7
 8
 9
 10
 11
 12
 13
 14
 15
 16
 17
 18
 19
 20
 21
 22
 23
 24
 25
 26
 27
 28
 29
 30
 31
 32
 33
 34
 35
 36
 37
 38
 39
 40
 41
 42
 43
 44
 45
 46
 47
 48
 49
 50
 51
 52
 53
 54
 55
 56
 57
 58
 59
 60
 61
 62
 63
 64
 65
 66
 67
 68
 69
 70
 71
 72
 73
 74
 75
 76
 77
 78
 79
 80
 81
 82
 83
 84
 85
 86
 87
 88
 89
 90
 91
 92
 93
 94
 95
 96
 97
 98
 99
 100
 101
 102
 103
 104
 105
 106
 107
 108
 109
 110
 111
 112
 113
 114
 115
 116
 117
 118
 119
 120
 121
 122
 123
 124
 125
 126
 127
 128
 129
 130
 131
 132
 133
 134
 135
 136
 137
 138
 139
 140
 141


