# Created by Octave 5.2.0, Wed Nov 13 13:44:16 2024 CST <zhangxin02@zhangxin02-P3>
# name: pts0
# type: matrix
# rows: 164
# columns: 3
 99.842681947451339 59.5220871766277 138
 115.79702523216964 58.612386657517654 116
 117.72093880613139 73.872767719625003 108
 117.32060592088028 73.551303389781737 108
 117.43131097352905 80.438255188142165 108
 116.87431274831197 80.026753700262802 105
 105 62 98
 100.02657735782621 59.498904315308401 96
 100.26290952050104 59.312767748619656 89
 94.144512723199611 177.47341524096279 126
 147 106 115
 94.473682955134052 176.96487721981714 111
 147 108 110
 144.01963851483114 114.70455464549148 105
 114.61255346170624 183.45769417958289 94
 46.486457427551656 155.23774527248742 89
 147 136 87
 144.44477989209875 141.22218887747516 80
 138.06658716853767 213.22744270964571 187
 138.1252431420547 213.24620619550373 187
 88.26760464220726 209.06743744551116 184
 99.529372218039867 210.85897269018204 184
 99.213232872830233 211.17811285881098 148
 25.501611212466894 275.01785035971761 143
 14.561056749962191 279.78055301320376 143
 25.433754518197368 274.8665365310369 122
 14.352075080591836 279.88024778659491 122
 112.34050374720421 339.37595776821513 227
 112.2943738338794 339.89833458467729 227
 112.34435716818797 340.14159635805214 227
 62.652374785883069 305.31387592467377 175
 58.434935893969879 307.9742030021356 175
 68 303 173
 64.854377163503273 304.05065306715022 173
 56.150412124557128 309.24286262049509 173
 70 302 170
 112.71305662610457 395.34742906501896 73
 112.50969025184293 395.85440618438633 73
 147 388 72
 112.89219642269481 395.4877387786525 62
 137.9756350161461 386.86863772147171 55
 137.76071083970953 386.68913046275884 53
 87.049506787983788 388.69354359438131 48
 121.85362397345195 383.35242673952251 42
 121 389 42
 246.56930893344233 52.947931390510817 68
 201 88 44
 263.86690052258933 180.8602976354131 186
 279.75029984737148 182.33663529525776 185
 246.04937412614984 117.85615465622337 158
 278.97004020645494 174.532619614217 157
 241.46385172241096 116.75200569508301 154
 241.32388973302119 116.84059886935276 153
 279.29565922978304 174.89775362153529 153
 279.25062570180751 174.70956816647495 153
 182.81677836093789 97.842104539852656 148
 188.82918510624449 214.81741834639854 172
 254.07319772962109 217.59038397196369 172
 254.00387544535434 217.66965982182336 172
 292 217 172
 293 217 172
 297 218 162
 246.50884563878546 203.90313573712521 68
 237 198 55
 227.76350647901302 347.40849252379434 166
 227.92418887109878 348.22446899486101 163
 232.24475320642875 329.45657899778934 161
 237.563648327723 311.41445007101498 138
 237.04377918042672 311.15755609261208 131
 227.68614416072137 347.92620780027454 128
 237.0125147360508 311.17635227808006 122
 231.95651106293118 329.41588439231651 95
 169 353 92
 154.74574094386966 389.40129848753065 82
 174.39845870386438 393.49286750442712 82
 263 391 79
 263.56916724850959 396.46114551240396 79
 269.4124076206175 396.96968815202933 79
 274 397 79
 279 397 79
 275 394 77
 288.55686720828146 400.37507150768079 77
 303.94373041151414 51.719825531867798 143
 405.04652975081007 102.77053364254901 47
 310.45835625839305 220.79605614645888 127
 310.51158278392211 220.22393197884463 111
 390.48495986651523 225.47606416978968 85
 390.51806745095797 225.46867470549873 85
 390.71382322285484 225.65713902708086 78
 352.96784306947325 352.55362852645396 174
 353.07273082115836 352.31354843362055 166
 347.50774755980956 315.31032491163529 128
 347.47037007020248 315.95620743296729 115
 354 358 76
 380.65457668585771 319.82583208947199 70
 307.98040581021905 373.46265663068493 63
 314.52552145349756 373.77161104930923 63
 322.26817397037837 373.61758675645331 63
 333.0717617187629 397.38909955439954 75
 305.14718877797497 400.51530737687511 74
 310.51315666461926 400.13836245560901 74
 322.51407913858151 397.49918605843237 71
 351 389 68
 300.4095998308631 391.79072860883923 68
 305.41381187003805 393.00334196970601 68
 322.16549791108275 397.2472192547699 68
 322.44418415250772 397.68270007660379 68
 561.85138286423 270.00750974379139 168
 501.02282518935311 278.47119255392192 168
 500.28130046555935 278.45367891754773 168
 498.21169338095592 243.88640078971284 145
 498.25768313127207 243.19649395229783 145
 503 262 137
 496.73080999227278 260.0227627996228 133
 500.6022968328374 278.28879259231621 133
 498.34269926541748 243.75573055548199 124
 476.39294441507963 379.74677399346518 184
 586.97515165338723 353.46878803850461 164
 476.78964200248544 379.24106660290732 145
 552.41581833038504 366.68353823864737 131
 554.73157137123144 367.12256674804837 131
 551.47226070134025 373.24498836576873 130
 595 360 123
 595 363 123
 551.94738415862651 372.97135894878738 114
 468.60579005185019 389.68270989288237 152
 468.73790329374197 390.09268763314276 134
 474 388 129
 548 392 126
 544.32575392306615 398.48149255372289 125
 544.52677841615468 398.38439904601609 125
 469.61775658462165 389.89928679557909 124
 546 391 106
 544.54397207498323 398.49321647439677 60
 693.65393286284643 23.441103347865987 29
 699 23 29
 700.06344703787727 150.31413074610776 83
 702.54043404447464 189.16995686062401 80
 703.21805615742778 188.90403004223282 67
 714.84981625845535 154.67517985775439 62
 721 162 61
 703.26946002926377 188.86154869339617 61
 702.58993533965292 188.98317343552281 61
 704 154 60
 735.57894608918241 160.81467057093948 59
 714.33361766909331 233.3688196068691 69
 674.63013155586634 218.21114820778641 68
 694.58687574903627 224.82514224863749 68
 668.69573292914845 229.70117967630452 65
 746.39729929811165 249.83609857095863 65
 674.49279273264494 218.46221683425895 62
 707.92691883198449 212.46669171189342 61
 707.6579078109246 212.61030207096235 61
 707.52614320791702 213.02374944461619 61
 609.05588034029097 359.48284245279513 103
 621.56039966092055 327.50695215459695 59
 644.71957651523383 371.11287853269823 59
 608.33061373478347 379.80657328610988 52
 612 366 42
 715.26406159896874 413.92599123173466 63
 721.94650163201095 425.14423103922229 52
 722.16022671935752 425.74047267967751 52
 721.2195476123195 425.75854696105415 43
 633.65784864872194 422.05583891572519 31


# name: ids0
# type: matrix
# rows: 164
# columns: 1
 1
 2
 3
 4
 5
 6
 7
 8
 9
 10
 11
 12
 13
 14
 15
 16
 17
 18
 19
 20
 21
 22
 23
 24
 25
 26
 27
 28
 29
 30
 31
 32
 33
 34
 35
 36
 37
 38
 39
 40
 41
 42
 43
 44
 45
 46
 47
 48
 49
 50
 51
 52
 53
 54
 55
 56
 57
 58
 59
 60
 61
 62
 63
 64
 65
 66
 67
 68
 69
 70
 71
 72
 73
 74
 75
 76
 77
 78
 79
 80
 81
 82
 83
 84
 85
 86
 87
 88
 89
 90
 91
 92
 93
 94
 95
 96
 97
 98
 99
 100
 101
 102
 103
 104
 105
 106
 107
 108
 109
 110
 111
 112
 113
 114
 115
 116
 117
 118
 119
 120
 121
 122
 123
 124
 125
 126
 127
 128
 129
 130
 131
 132
 133
 134
 135
 136
 137
 138
 139
 140
 141
 142
 143
 144
 145
 146
 147
 148
 149
 150
 151
 152
 153
 154
 155
 156
 157
 158
 159
 160
 161
 162
 163
 164


