# Created by Octave 5.2.0, Fri Nov 15 08:37:04 2024 CST <zhangxin02@zhangxin02-P3>
# name: pts0
# type: matrix
# rows: 140
# columns: 3
 131 86 144
 128 85 135
 110 86 99
 137.44779063289442 103.55436866630642 142
 9.246017486707153 99.431114408698093 111
 127 100 110
 119.31086136077042 100.25589800877768 110
 129.72439259329511 118.13875033087953 89
 146.12983426118228 157.68486166303492 89
 13 268 148
 15.678284107184119 288.92134207243765 133
 10.778848730327182 274.13133754642928 129
 147 263 118
 142 271 118
 96.556774024042085 281.44472164925401 118
 112.3805554144862 282.47655996869514 110
 122.46833153157937 330.08956046658443 243
 131.37104944693365 328.98421517084586 243
 115.2981843914345 342.73647103836794 243
 133.18260123716459 337.83184419715599 233
 141.05390685105124 389.86517522264859 209
 136 389 209
 125 388 203
 122.77299706800329 440.34764322328061 175
 127.84090895141465 392.83954419838045 172
 109 434 172
 116.77603233341911 437.46130910837945 172
 87.138451385543135 422.92437680776504 171
 278.573533605374 80.308178993906523 141
 278.97345033622656 71.509381987088901 71
 273 90 68
 256.61465127673495 81.344067880452528 56
 164.41274315259272 89.112518256689697 56
 177.93759490471248 156.32159822727618 88
 276 127 86
 257 125 82
 158.48032892741489 174.2405981192704 82
 269 131 81
 267 127 76
 160.56446892440064 267.43094425986453 127
 155.81933538165379 240.27073524138288 105
 158.48549035826974 286.14309804132171 103
 160 226 97
 179.3489115976262 224.46376622802785 97
 171 319 241
 172 322 241
 150.5079889841569 334.4296257946562 235
 157.19984370015806 323.64400076416115 233
 161 324 232
 167.81891928931938 330.20159045535064 232
 157.84950358245152 449.67966477793948 205
 204.83900607955184 470.56737386124632 182
 224.35738369686385 475.54693011558982 179
 181.59350751650533 462.31570235444116 177
 189.48551256323907 473.04884153200032 171
 215.55529607156404 475.74229511140811 171
 380.83038821718907 84.32879310098258 156
 392.75739759543086 80.351413415065295 125
 373 87 120
 368.54195476381176 82.763312194301406 116
 375 8 110
 386 8 97
 370.56305299600496 110.45443599521576 121
 369.87066154431102 110.213005551828 118
 368.85137727442032 128.91264993303159 118
 368.79834404155559 134.75468971773375 118
 382.8196483489566 141.37986618625257 110
 382.64395297130233 199.51426430577928 110
 381.87488916092343 202.38234944051723 97
 381.50003829413203 252.98615224951013 97
 381.19144970845963 279.63948013613731 97
 365 207 82
 367.62322354052475 224.43367920532813 82
 431.13512586377971 380.22059673771111 150
 438 376 147
 423.68721660977832 381.32137487990866 147
 417 381 118
 446.77068589428825 375.17860769589686 110
 380.62448054822289 308.40090781974845 97
 380.41899859124283 311.37578009765224 97
 380.80097531941107 329.81754561632323 97
 444 391 160
 356.86003019108858 470.12627483549278 124
 338.56973208228902 410.79421290804112 123
 447 477 118
 379.55043011783238 393.52962873154064 115
 537.91211007614538 90.64361165749996 104
 481 88 96
 507.61149703385541 87.09372807859485 87
 545.12449994046221 31.879421433126495 72
 542.57278933153702 101.91560296784486 235
 578.76158134972286 105.28078954295188 219
 536.69723816040971 165.99754888585917 180
 572.08138688901352 163.54846850473248 173
 588.93970397002659 264.10663805033971 209
 598.32220338894945 270.54954981100735 170
 597 260 155
 518.19106497783343 286.02749337291675 152
 593.71423314038884 247.74365927482242 147
 528.63089033122299 199.52693704684529 129
 596 256 118
 568 381 192
 588.16239213169831 366.23508144297421 186
 567.92707690099803 379.71258043745087 178
 592.783630576576 365.50762794315494 172
 585.38566312149351 430.83108825408016 219
 567 424 195
 573.13229184473266 427.46240759863389 190
 558.59151392451656 471.31157993945163 187
 563.56359321445404 442.51733770137849 184
 580.77605498847333 429.800135841702 183
 605.39334185236225 65.072964775911743 214
 623 69 197
 722.79491356919357 63.341164893189188 155
 741 68 147
 735.45169098109875 65.257762168022523 134
 628.38188289304696 77.588900244291182 133
 627.30301974406711 89.62143026070521 133
 627.77245818630092 169.67380423335339 192
 704.94527375797509 192.20749632944182 181
 605.62348290400303 164.18541167833081 180
 619 169 155
 626.83464749850509 107.69576844468209 153
 610 196 150
 724.12697501887442 213.54969259367167 126
 709.19930166219422 203.62780591251851 99
 724.24169531112113 202.59944092086565 97
 719.34501916397039 230.84631294645354 95
 605 365 217
 658 301 194
 614.08911927955558 359.512778075423 192
 636.82479802570367 355.782301845088 186
 614.25267022489743 360.38285784395686 186
 714.95992365066888 389.37813338420102 211
 719.03266362772092 412.06626561797066 199
 729 403 198
 622 444 198
 644 452 197
 616.52429381800346 442.31815383013821 190
 713.72765989451955 405.25023513079105 185


# name: ids0
# type: matrix
# rows: 140
# columns: 1
 1
 2
 3
 4
 5
 6
 7
 8
 9
 10
 11
 12
 13
 14
 15
 16
 17
 18
 19
 20
 21
 22
 23
 24
 25
 26
 27
 28
 29
 30
 31
 32
 33
 34
 35
 36
 37
 38
 39
 40
 41
 42
 43
 44
 45
 46
 47
 48
 49
 50
 51
 52
 53
 54
 55
 56
 57
 58
 59
 60
 61
 62
 63
 64
 65
 66
 67
 68
 69
 70
 71
 72
 73
 74
 75
 76
 77
 78
 79
 80
 81
 82
 83
 84
 85
 86
 87
 88
 89
 90
 91
 92
 93
 94
 95
 96
 97
 98
 99
 100
 101
 102
 103
 104
 105
 106
 107
 108
 109
 110
 111
 112
 113
 114
 115
 116
 117
 118
 119
 120
 121
 122
 123
 124
 125
 126
 127
 128
 129
 130
 131
 132
 133
 134
 135
 136
 137
 138
 139
 140


