# Created by Octave 5.2.0, Fri Nov 29 11:42:17 2024 CST <zhangxin02@zhangxin02-P3>
# name: pts
# type: cell
# rows: 1
# columns: 10
# name: <cell-element>
# type: matrix
# rows: 73
# columns: 3
 52 141 176
 143.73459646838097 316.29116098598502 195
 138.48281819495895 319.99820442200269 174
 139 323 174
 81.651768327493457 413.49393399817882 95
 100.92589080130846 429.62805409686217 70
 102.0533668596551 434.41746696124284 70
 114.50753619005778 394.8470219579375 65
 278 84 184
 278 65 155
 278.19572213516665 74.047051675023084 153
 278.25298925479791 59.79744427268411 137
 193.2168948790669 131.94072366688025 147
 281 117 145
 297.56726760192305 190.59321912801337 144
 276 128 137
 283.30183116653234 192.44451680717148 129
 284.91344841984215 210.49106232485511 137
 293 201 120
 286 201 101
 181.39593768002166 314.55066648112728 205
 195.44095680054556 320.79257158143122 204
 226 315 203
 274.29914308773238 316.29688964215677 203
 160.07313930566326 315.24634920793073 202
 175 319 202
 246.030510398752 321.63603862663615 202
 413.28154886590022 187.66227869603139 163
 425.58235073620273 137.54707481354191 145
 304 111 142
 307 100 137
 318.89001295025474 243.39592006235185 132
 439.45881639386261 209.38326132416668 113
 443 215 113
 424 256 111
 426 268 109
 435 222 101
 429.56121383781573 231.29129813813461 101
 445 378 198
 447 368 197
 432.76865194932196 381.36471104296595 191
 306.29067051890462 323.22972570097653 176
 312.3968373918683 324.48957473089581 174
 438.71592320127991 373.97833962897323 164
 314.01721861677493 313.79234354145808 158
 408 415 206
 505.74204062596738 14.816267721783351 95
 505.16669856943287 43.46131726926226 95
 508.54037046753024 151.66102654370272 171
 465.88226033937502 144.58089198095917 163
 493.58296105195308 148.16857510108861 130
 508 130 126
 461 159 126
 509 140 115
 455.3334735001223 214.22212628532986 95
 550 214 95
 537.62146503130054 194.71257831911143 89
 548.42566591083187 208.52235488073529 89
 592.75151400837922 216.59660646057839 89
 564.26359837252176 231.53718559475089 89
 572.52576265977996 238.60365128050927 89
 465.49337355111419 367.84001085484567 200
 478 357 197
 468.48170898465639 358.86669026254941 197
 557.37982648492505 420.49984739485029 142
 507.30583496007148 423.69212601766816 129
 608.49909485009209 176.84151532096178 130
 620.71009353468048 179.72704293435436 108
 614.86267723355149 178.49443585252311 107
 707.48568231189552 212.28089091027067 128
 617.33697409463002 305.64909549488561 95
 663 364 88
 670.04085767064021 424.94410743161626 191



# name: <cell-element>
# type: matrix
# rows: 63
# columns: 3
 66.530715788271863 141.53747976948546 176
 158.5701854603679 318.65835133421064 195
 153.21360605467504 322.44769285060005 174
 153.74896022172186 325.49369405816486 174
 294.57963557892543 84.180414139816634 184
 294.54278130478133 66.022491598123921 155
 294.75957674065762 74.385608183483299 153
 209.11177453556681 132.48051812585726 147
 297.75568520216348 117.42851412903049 145
 314.52557611359725 191.41368284538729 144
 292.74238973957182 128.56964211659479 137
 300.07444709348448 193.27808120411567 129
 301.69654077494363 211.36840518316808 137
 309.87218481319292 201.86661594776822 120
 302.80162526669488 201.86927366948998 101
 196.65417825556395 317.22537310992112 205
 210.8283552020317 323.73621104606343 204
 241.76262211626144 318.0665918419823 203
 290.53307268031216 319.66592584121213 203
 175.18209424995655 317.83150553653894 202
 190.094026536233 321.69383137473284 202
 261.80199875628756 324.94839018588783 202
 431.18540082895106 188.80352072790518 163
 443.61569135081066 138.00320622650418 145
 320.78827951635418 111.2852701344036 142
 324.04789474224481 100.20100708770089 137
 336.21672113940582 244.90327149059758 132
 457.81229927760501 211.48147906245745 113
 461.34244893004904 217.17535149400825 113
 441.90515579585946 258.29447895630244 111
 444.25154426263828 271.06935612187499 109
 453.48999333436211 224.14391934899686 101
 447.80394143186965 233.34207938976579 101
 462.88575609437811 384.62416380913083 198
 464.89184655509104 374.14724038960577 197
 450.3826874729163 388.01637742306315 191
 322.87917910742686 326.94566346890673 176
 329.0602705950115 328.18886887503567 174
 456.39451842155921 380.47890729190362 164
 330.70887745797529 317.19176656631197 158
 425.07892079720182 422.71425259366475 206
 524.56931082232768 42.768347334919611 95
 528.07688218851035 153.5393194987858 171
 484.66930199675164 145.86875934920562 163
 513.51299882595094 150.06239056036662 130
 479.82338370443847 160.47567971359197 126
 528.68700960064916 140.188934678724 115
 473.31187637161071 216.47136974380692 95
 570.01391438984672 217.43122533402982 95
 557.89891740890846 198.16484690057507 89
 568.18540548161343 211.40781278202144 89
 613.82888902798538 220.4691049788095 89
 584.7692728254633 236.00095548077289 89
 593.62707281041332 243.70504560089648 89
 483.53614243486805 374.04182226253249 200
 496.37521727054582 362.93974217552488 197
 486.69888099496779 364.85714849220665 197
 575.56418355377684 429.31995754008034 142
 525.36344885797507 432.22839003582453 129
 629.87016073124255 180.56245217798775 130
 642.58350742969481 183.86771878181278 108
 636.40309553574912 182.31105691840133 107
 683.370055404097 372.32105469699337 88



# name: <cell-element>
# type: matrix
# rows: 56
# columns: 3
 81.291569566368253 141.82958807430916 176
 173.6647399008192 320.81337075985635 195
 168.27157643136587 324.65980509636148 174
 168.77923282138178 327.7271921791077 174
 311.25185855945989 84.111933268864561 184
 311.0475995959402 65.74868009761731 155
 311.30916822686413 74.331302319682095 153
 225.34430911060281 132.59778484194209 147
 314.56528577058759 117.32290227399504 145
 331.63047080168332 191.85811150742455 144
 309.61838658336825 128.68075523943935 137
 316.96970792886111 193.72230357739318 129
 318.63691654509449 211.95533816934656 137
 326.79606007692615 202.40756666755985 120
 319.75287272672131 202.45676611232554 101
 212.08035212290582 319.60044343714475 205
 226.39491410328066 326.32667915529004 204
 257.63454526753441 320.80268159870911 203
 306.91787009852061 322.7325106600602 203
 190.38063834364957 320.14541867739706 202
 205.39860887990281 324.13796044046074 202
 277.86542339724343 327.95871145157685 202
 337.9967683886029 111.11723703841281 142
 340.94653442983451 99.953477715814714 137
 353.40116059875731 245.93730457209872 132
 476.45507856718535 213.24684233506588 113
 480.03302533401563 218.9640748158628 113
 460.13354290229859 260.38075358920082 111
 462.52119581896198 273.43054458703148 109
 471.99795641118754 225.98099410722952 101
 466.30637439380439 235.45449570536087 101
 480.64718774177345 390.90561991187366 198
 482.96374795498025 380.00144655954074 197
 468.09991869697507 394.46404434866179 191
 339.78366687187565 330.51067052314619 176
 345.93920405471079 331.76404916590991 174
 474.10267992401992 386.69226298298213 164
 347.63824821621296 320.48318315389548 158
 442.28006176849249 430.1780967791434 206
 544.38346046979996 41.434668946343706 95
 547.80509656084223 154.97085130440334 171
 503.85883856533263 146.75204973934839 163
 532.38268618185305 151.14232251775715 130
 498.91800720647132 161.3695151208133 126
 492.45408862408226 218.48482773853863 95
 591.09878914336309 221.54591334939101 95
 578.14625736173286 200.8285790847352 89
 588.28594408492074 214.13209587458834 89
 636.33039836570924 224.93021194789586 89
 605.14205787872777 239.65618261540962 89
 614.7125943192666 247.97530726657797 89
 501.79493942997817 379.9851468339927 200
 514.83942574962555 368.63633704895597 197
 505.13402374604817 370.5893099025688 197
 651.3169229935545 183.97959372715673 130
 658.06530335087007 185.83427888748571 107



