Key:1403715578.712142944335937500 , Value:1
Key:1403715579.012142896652221680 , Value:1
Key:1403715579.312143087387084961 , Value:1
Key:1403715579.712142944335937500 , Value:1
Key:1403715580.012142896652221680 , Value:1
Key:1403715580.412142992019653320 , Value:1
timestamp0:1403715578.712142944335937500 , timestamp1:1403715579.012142896652221680
Extracted matching points:
0.5491263270	 0.3491057456	 0.3794458807	 0.2655352354	
0.5399714112	 0.3210290372	 0.3714306056	 0.2310221791	
0.5162509680	 0.2239069641	 0.3450557292	 0.1275846660	
0.5565698743	 0.2299467325	 0.3887687624	 0.1337943226	
0.5519584417	 -0.1314225048	 0.4033153057	 -0.2047975808	
0.5386844277	 -0.1579162478	 0.3956671357	 -0.2266141325	
0.5563917756	 -0.0111379130	 0.3925799727	 -0.1084478423	
0.9843855500	 -0.2745574415	 0.8237478137	 -0.2617623210	
0.5894045830	 -0.4632606506	 0.4855990410	 -0.4559306502	
0.2209510505	 0.4653016031	 0.0301336944	 0.3586158156	
0.4320809543	 0.2951615155	 0.2552913129	 0.2043284774	
0.3855082989	 0.3368461728	 0.2086018771	 0.2394274175	
0.4220350683	 0.2300482839	 0.2508116961	 0.1229048446	
0.4923563302	 0.2357023060	 0.3217426240	 0.1356464624	
0.2472236603	 -0.0715650842	 0.0883547962	 -0.1752461940	
0.3282102942	 -0.0128143951	 0.1633892953	 -0.1213529706	
0.2352328748	 -0.0377204381	 0.0721437931	 -0.1461593956	
0.0481063128	 0.4414780736	 -0.1738429964	 0.3206184208	
0.1219719723	 0.4159024656	 -0.0863954648	 0.2937886417	
0.4391243756	 -0.4506693184	 0.3389861882	 -0.4542154074	
-0.1817876250	 -0.0362082943	 -0.3749175966	 -0.1659391671	
-0.1291376799	 -0.0679968894	 -0.3134842217	 -0.1893427223	
0.2119612098	 -0.3377568722	 0.1070957854	 -0.3702315092	
0.0857090503	 -0.4364370406	 -0.0169364996	 -0.4775563776	
0.1946619600	 -0.2491654903	 0.0880145729	 -0.3114165068	
0.0896813646	 -0.2492670715	 -0.0184299871	 -0.3079373837	
0.4832409024	 -0.4513424039	 0.3802939653	 -0.4526801705	
-0.0327822939	 -0.1208349168	 -0.1950230598	 -0.2286210507	
0.3095886707	 -0.4571201503	 0.2158257216	 -0.4701558053	
-0.0958150327	 -0.1079363376	 -0.2668740749	 -0.2212074995	
0.2515321374	 -0.2488802522	 0.1367836744	 -0.3153403103	
0.1778520942	 -0.1855351180	 0.0379996896	 -0.2715217471	
0.0519083813	 -0.1823629886	 -0.0954305455	 -0.2756954432	
0.0855274498	 0.1325405687	 -0.1207150444	 -0.0099572586	
-0.2253241390	 0.3468537331	 -0.5110864639	 0.1771893948	
-0.2762937546	 0.0751894265	 -0.5150648952	 -0.0748697370	
-0.3110171854	 0.0902743340	 -0.5558320284	 -0.0659995526	
-0.2281835228	 0.0605368502	 -0.4552228153	 -0.0858915672	
-0.2558329999	 -0.0473056212	 -0.4584832489	 -0.1813974380	
-0.3340678811	 -0.0278489012	 -0.5527906418	 -0.1679024398	
-0.2120847404	 -0.2914251387	 -0.3180682957	 -0.3314009607	
-0.3211662471	 -0.4552463293	 -0.4309296012	 -0.5169396996	
-0.4752251208	 -0.4687786996	 -0.6013463140	 -0.5445780754	
-0.4257147014	 -0.4665271342	 -0.5446650982	 -0.5370286107	
-0.1048825458	 0.0664228871	 -0.3115778863	 -0.0727297887	
-0.0893069953	 0.1255277842	 -0.3104713261	 -0.0228648987	
Number of inliers with positive depth: 35
Rotation Matrix:
[0.996258210477046, -0.00440528968611943, -0.08631437585857522;
 0.00130517262611012, 0.9993530921139653, -0.0359401419957168;
 0.08641686514500528, 0.03569300638833325, 0.9956194728476699]
Translation Vector:
[-0.7338037225147479;
 -0.6661929476458722;
 -0.1331129344970006]
找到的解的个数: 4
旋转矩阵 R[0]: 
[0.9939198031264045, -0.07422785988551966, -0.08132434918267098;
 0.08304742430651274, 0.990337801230678, 0.1110592849321488;
 0.07229488411515207, -0.1171378003481448, 0.9904807850031088]
平移向量 t[0]: 
[0.09664640642226244;
 0.2700552025258566;
 0.103686111368089]
旋转矩阵 R[1]: 
[0.9939198031264045, -0.07422785988551966, -0.08132434918267098;
 0.08304742430651274, 0.990337801230678, 0.1110592849321488;
 0.07229488411515207, -0.1171378003481448, 0.9904807850031088]
平移向量 t[1]: 
[-0.09664640642226244;
 -0.2700552025258566;
 -0.103686111368089]
旋转矩阵 R[2]: 
[0.9740348780833884, -0.1516612694580519, -0.1680919856014877;
 0.1457585391116996, 0.9882037058020428, -0.04698812738483049;
 0.1732354021356532, 0.02126723267099251, 0.9846508011784767]
平移向量 t[2]: 
[-0.02586412470069644;
 0.1865909913214618;
 0.2398666274982731]
旋转矩阵 R[3]: 
[0.9740348780833884, -0.1516612694580519, -0.1680919856014877;
 0.1457585391116996, 0.9882037058020428, -0.04698812738483049;
 0.1732354021356532, 0.02126723267099251, 0.9846508011784767]
平移向量 t[3]: 
[0.02586412470069644;
 -0.1865909913214618;
 -0.2398666274982731]

